452160703642599425
452094212348051471
451824641636433940
451579125807710208
451050501719719936
450866781909811210
450862965357281280
450740562082005004
449802317420691476
452168456381661195
451894339619258378
451871209509093376
451863600949362688
451863414915203082
451861811680116751
451860798525014027
451591106505867264
449624377265225730
451853464889458688
452164633420234753
451924619041964063
451919509981364235
451474931801128968
451459362322644992
451451558551617537
451449538327085066
452020911063826433
451240364402278400
450811752616296459
452199688591114260
451478871821516810
451703436212305921
451011642650525698
450856528883220482
450492108537856000
450148356761583628
452218742269804557
452529157700583464
452560265628876801
452560499541016577
452561373004562433
452579088477978624
452639201050099712
452649237583233024
453992716855017483
453992385999929344
453974999490101248
453707610621870081
453610744190074881
453282078155472896
453274218797465601
452944954894057482
452938125652525066
453653492326989824
453603103996903424
453474273395343360
453008258181890049
452960439345610764
452942398549393408
453275371304124427
453629181780295680
453283700419854348
453025996992675843
452823521026899970
454051078171000834
453706112966066186
453993424559931402
452664232266170379
